# Number of parameters = 154 Objective function value = 6035.31  Maximum gradient component = 4.19977e-06
# log_selA:
 3.04008 2.97687 2.51395 3.06338
# log_selB:
 1.62746 1.66433 1.25333 1.68880
# log_selC:
 5.29832 1.73823 2.52275 2.99178
# log_qpal:
-10.8577845174
# log_qcru:
0.677636270285
# log_qarr:
 -12.3553584636 -11.4373362569
# log_Ro:
18.9707574188
# mu:
 -0.0259183587839 0.0102535778609 0.0158466800046 -0.0499306059924 -0.173755230171 -0.148305252789 -0.313348922925 -0.154952543061 -0.161581734126 -0.0999908429469 -0.0346345460348 -0.0511239060820 0.172060994786 0.155478638020 0.234570290307 0.326397841526 0.300119447257 0.251564287675 0.211104207190 0.255930680186 0.218068179217 0.195348120134 0.152896419193 0.101418864621 0.161410633608 0.0114070923661 -0.00277413238396 -0.128867971608 -0.112684752030 -0.0449360316742 -0.0152227331730 0.0468425737060 0.244293502341 0.359060308679 0.0378906882952 -0.0384827607618 -0.0139676382044
# log_Farr:
 -4.74310251175 -1.90454040671 -1.56529852101 -1.65473389807 -1.49338382755 -1.23460331837 -1.51022731625 -1.49569888493 -1.65667203979 -1.33316255155 -1.25657639005 -1.20461155558 -1.10772531219 -1.32550637332 -1.50291456284 -1.22660261658 -1.66213070426 -1.43793748192 -1.51874719722 -1.60847700891 -1.63244274973 -1.74243979119 -1.57953309502 -1.60281876939 -1.66632582546 -1.56226332498 -1.40409465927 -1.27995027534 -1.33330111540 -1.23587674046 -1.23431080130 -1.23003891461 -1.25199960577 -1.21652121631 -1.19470503411 -1.08528329627 -0.995696095132 -1.48141534752
# log_Fesp:
 -6.47981432833 -6.55092366636 -6.28290735459 -5.05554743937 -3.83900713550 -3.49874552865 -2.52891187050 -2.03834025378 -2.36928421256 -2.10341676793 -2.50012655285 -2.45892846002 -3.02128244592 -3.09499439393 -3.06366766167 -3.03704957009 -2.93002400117 -2.94125070977 -2.86156323738 -2.75470048334 -2.57128542010 -2.69912582402 -2.59974003809 -2.54919856952 -2.58560962464 -2.59682742863 -2.47649149977 -2.45958267861 -2.55830386966 -2.72664466770 -3.08998045434 -3.31645055720 -3.29150474577 -3.75528506629
# log_Fpal:
 -3.35803312926 -2.38220179591 -1.79235799328 -1.87621827802 -1.54211976390 -2.06179253225 -2.49742841365 -2.46007022326 -2.02147825889 -2.25308758839 -2.51111517994 -2.03044546815 -2.03764912408 -1.86451661250 -1.72676735452 -1.70624809985 -1.63039904967 -1.67515805577 -1.82091724337 -1.81928314056 -1.98666712105 -1.93088002358 -1.85230973365 -1.91742304206 -2.50487126617 -2.08768529491 -2.50899727712 -2.96551028982
